<!-- path="C:\Users\Riddick\Desktop\DBZ.txt" -->
//
//
//This is Header Section
c 4
ANP3
i 1
2752
c 24
DBZ
i 1
15
//
//
//
//
//Animation FLY_SLOW Start Here
c 24
FLY_SLOW
i 3
32 1536 1
c 24
Root
i 3
4 3 0
w 24
0 -3436 -2228 0 0 0 82 -28
0 -3436 -2228 0 22 0 131 -2
0 -3436 -2228 0 44 0 86 -28
c 24
~Pelvis
i 3
4 3 1
w 24
-2047 -2047 -2047 -2048 0 -17 -42 -29
-2047 -2047 -2047 -2048 22 -17 -41 -28
-2047 -2047 -2047 -2048 44 -17 -42 -29
c 24
~Spine
i 3
4 3 2
w 24
0 0 0 4095 0 116 -28 0
0 0 0 4095 22 116 -28 0
0 0 0 4095 44 116 -28 0
c 24
~Spine1
i 3
4 3 3
w 24
0 0 613 4049 0 185 0 0
0 0 613 4049 22 185 0 0
0 0 613 4049 44 185 0 0
c 24
~Neck
i 3
4 3 4
w 24
0 0 416 4074 0 284 0 0
0 0 416 4074 22 284 0 0
0 0 416 4074 44 284 0 0
c 24
~Head
i 3
4 3 5
w 24
0 0 -736 4029 0 128 0 0
0 0 -736 4029 22 128 0 0
0 0 -736 4029 44 128 0 0
c 24
L~Brow
i 3
4 3 6
w 24
161 -278 2659 3098 0 87 -9 25
161 -278 2659 3098 22 87 -8 25
161 -278 2659 3098 44 87 -7 25
c 24
R~Brow
i 3
4 3 7
w 24
-162 188 2663 3102 0 86 -10 -19
-162 188 2663 3102 22 86 -10 -19
-162 188 2663 3102 44 86 -10 -19
c 24
Jaw
i 3
4 3 8
w 24
0 0 3371 2326 0 10 18 0
0 0 3371 2326 22 11 19 0
0 0 3371 2326 44 11 20 0
c 24
Bip01~R~Clavicle
i 3
4 3 21
w 24
2672 -302 -3075 -293 0 0 -4 -28
2672 -302 -3075 -293 22 0 -4 -29
2672 -302 -3075 -293 44 0 -5 -29
c 24
~R~UpperArm
i 3
4 3 22
w 24
907 1940 424 -3465 0 200 0 0
866 1934 456 -3475 22 200 0 0
907 1940 424 -3465 44 201 0 0
c 24
~R~ForeArm
i 3
4 3 23
w 24
271 -232 1401 -3832 0 269 0 0
271 -232 1401 -3832 22 270 0 0
271 -232 1401 -3832 44 270 0 0
c 24
~R~Hand
i 3
4 3 24
w 24
-2888 -231 -2 -2894 0 286 0 0
-2888 -231 -2 -2894 22 286 0 0
-2888 -231 -2 -2894 44 286 0 0
c 24
~R~Finger
i 3
4 3 25
w 24
-37 0 -70 -4095 0 122 0 0
-37 0 -70 -4095 22 122 0 0
-37 0 -70 -4095 44 121 0 0
c 24
R~Finger01
i 3
4 3 26
w 24
-79 52 -182 -4090 0 52 0 0
-79 52 -182 -4090 22 52 0 0
-79 52 -182 -4090 44 50 0 0
c 24
Bip01~L~Clavicle
i 3
4 3 31
w 24
-2672 302 -3075 -293 0 0 -5 33
-2672 302 -3075 -293 22 0 -4 33
-2672 302 -3075 -293 44 0 -5 33
c 24
~L~UpperArm
i 3
4 3 32
w 24
439 -1881 -225 -3604 0 205 0 0
469 -1884 -204 -3600 22 205 0 0
439 -1881 -225 -3604 44 205 0 0
c 24
~L~ForeArm
i 3
4 3 33
w 24
-1102 -580 1127 -3735 0 254 0 0
-1102 -579 1127 -3735 22 254 0 0
-1102 -579 1127 -3735 44 253 0 0
c 24
~L~Hand
i 3
4 3 34
w 24
2888 232 -5 -2894 0 291 0 0
2888 232 -5 -2894 22 291 0 0
2888 232 -5 -2894 44 292 0 0
c 24
~L~Finger
i 3
4 3 35
w 24
-194 349 -1474 -3800 0 77 0 0
-193 349 -1474 -3800 22 77 0 0
-194 349 -1474 -3800 44 77 0 0
c 24
L~Finger01
i 3
4 3 36
w 24
-198 -266 2254 3403 0 59 0 0
-198 -266 2254 3403 22 59 0 0
-198 -266 2254 3403 44 59 0 0
c 24
~L~Thigh
i 3
4 3 41
w 24
-1080 -3892 -523 427 0 51 1 85
-1021 -3916 -470 413 22 51 0 85
-1080 -3892 -523 427 44 51 1 85
c 24
~L~Calf
i 3
4 3 42
w 24
-330 161 -3072 2683 0 419 0 0
-329 162 -3072 2683 22 419 0 0
-329 162 -3072 2683 44 420 0 0
c 24
~L~Foot
i 3
4 3 43
w 24
-126 -17 976 -3975 0 511 0 0
-126 -17 976 -3975 22 511 0 0
-126 -16 976 -3975 44 511 0 0
c 24
~L~Toe0
i 3
4 3 44
w 24
0 0 -2896 -2896 0 117 152 0
0 0 -2896 -2896 22 117 152 0
0 0 -2896 -2896 44 117 152 0
c 24
~R~Thigh
i 3
4 3 51
w 24
-139 -4018 734 -269 0 52 1 -90
-32 -4020 727 -288 22 51 2 -91
-139 -4018 735 -269 44 51 1 -90
c 24
~R~Calf
i 3
4 3 52
w 24
323 80 -1383 3840 0 420 0 0
323 80 -1383 3840 22 420 0 0
323 80 -1383 3840 44 419 0 0
c 24
~R~Foot
i 3
4 3 53
w 24
-491 -363 -920 3944 0 511 0 0
-490 -363 -920 3944 22 511 0 0
-491 -363 -920 3944 44 509 0 0
c 24
~R~Toe0
i 3
4 3 54
w 24
0 0 2896 2896 0 118 152 0
0 0 -2896 -2896 22 116 150 0
0 0 2896 2896 44 117 151 0
c 24
Belly
i 3
4 3 201
w 24
0 0 2848 2943 0 74 -72 0
0 0 2848 2943 22 74 -72 0
0 0 2848 2943 44 74 -72 0
c 24
R~breast
i 3
4 3 301
w 24
-209 -92 2746 3030 0 117 -53 -105
-209 -92 2746 3030 22 117 -52 -104
-209 -92 2746 3030 44 116 -52 -105
c 24
L~breast
i 3
4 3 302
w 24
452 299 2644 3080 0 117 -51 99
452 299 2644 3080 22 116 -52 99
452 299 2644 3080 44 115 -52 100
//
//
//Animation FLY_ACCEL Start Here
c 24
FLY_ACCEL
i 3
32 1024 1
c 24
Root
i 3
4 2 0
w 16
-2141 2107 1947 1989 0 2 -2 0
-2141 2107 1947 1989 80 2 -2 0
c 24
~Pelvis
i 3
4 2 1
w 16
2073 2073 2022 -2022 0 0 0 0
2073 2073 2022 -2022 80 0 0 0
c 24
~Spine
i 3
4 2 2
w 16
-67 -3 584 -4053 0 0 0 0
-67 -3 584 -4053 80 0 0 0
c 24
~Spine1
i 3
4 2 3
w 16
30 86 -75 4094 0 193 0 0
30 86 -75 4094 80 194 0 0
c 24
~Neck
i 3
4 2 4
w 16
0 0 -71 4095 0 333 5 0
0 0 -71 4095 80 333 5 0
c 24
~Head
i 3
4 2 5
w 16
-16 -32 -1533 3797 0 80 21 0
-16 -32 -1533 3797 80 81 22 0
c 24
L~Brow
i 3
4 2 6
w 16
172 -274 2663 3095 0 92 2 23
172 -274 2663 3095 80 92 1 24
c 24
R~Brow
i 3
4 2 7
w 16
-71 256 2670 3094 0 93 2 -19
-71 256 2670 3094 80 92 2 -19
c 24
Jaw
i 3
4 2 8
w 16
0 0 3373 2322 0 7 42 0
0 0 3373 2322 80 7 42 0
c 24
Bip01~R~Clavicle
i 3
4 2 21
w 16
2519 -294 -3200 318 0 -37 1 0
2519 -294 -3200 318 80 -38 1 0
c 24
~R~UpperArm
i 3
4 2 22
w 16
-946 -1712 -354 3581 0 189 0 17
-946 -1712 -354 3581 80 189 0 18
c 24
~R~ForeArm
i 3
4 2 23
w 16
-201 -8 -36 4090 0 248 14 2
-201 -8 -36 4090 80 250 15 2
c 24
~R~Hand
i 3
4 2 24
w 16
2352 2362 -1146 2084 0 265 2 7
2352 2362 -1146 2084 80 265 1 8
c 24
~R~Finger
i 3
4 2 25
w 16
1 -1 -694 -4036 0 95 7 1
1 -1 -694 -4036 80 95 6 2
c 24
R~Finger01
i 3
4 2 26
w 16
0 0 -476 -4068 0 36 23 0
0 0 -476 -4068 80 38 23 0
c 24
Bip01~L~Clavicle
i 3
4 2 31
w 16
-2519 294 -3200 318 0 -37 1 0
-2519 294 -3200 318 80 -38 1 0
c 24
~L~UpperArm
i 3
4 2 32
w 16
-1187 -1663 425 -3524 0 192 0 -13
-1187 -1663 425 -3524 80 193 0 -14
c 24
~L~ForeArm
i 3
4 2 33
w 16
-237 -102 200 -4082 0 253 12 0
-237 -102 200 -4082 80 253 14 0
c 24
~L~Hand
i 3
4 2 34
w 16
2159 2661 1090 -1959 0 265 2 -8
2159 2661 1090 -1959 80 265 1 -8
c 24
~L~Finger
i 3
4 2 35
w 16
0 0 -694 -4036 0 92 20 -3
0 0 -694 -4036 80 92 20 -3
c 24
L~Finger01
i 3
4 2 36
w 16
5 5 -476 -4068 0 39 18 0
5 5 -476 -4068 80 41 18 0
c 24
~L~Thigh
i 3
4 2 41
w 16
210 4086 186 -46 0 0 0 96
210 4086 186 -46 80 0 0 96
c 24
~L~Calf
i 3
4 2 42
w 16
0 0 401 -4076 0 467 16 0
0 0 401 -4076 80 467 17 0
c 24
~L~Foot
i 3
4 2 43
w 16
-264 -140 1813 -3660 0 496 -16 4
-264 -141 1813 -3660 80 495 -17 5
c 24
~L~Toe0
i 3
4 2 44
w 16
0 0 -2770 -3017 0 102 156 0
0 0 -2770 -3017 80 104 155 0
c 24
~R~Thigh
i 3
4 2 51
w 16
259 4086 -70 -54 0 0 0 -89
259 4086 -70 -54 80 0 0 -89
c 24
~R~Calf
i 3
4 2 52
w 16
0 0 -525 4062 0 466 15 0
0 0 -525 4062 80 466 16 0
c 24
~R~Foot
i 3
4 2 53
w 16
96 175 1775 -3685 0 494 -17 0
96 175 1775 -3685 80 495 -16 0
c 24
~R~Toe0
i 3
4 2 54
w 16
0 0 -2711 -3069 0 103 156 0
0 0 -2711 -3069 80 102 157 0
c 24
Belly
i 3
4 2 201
w 16
0 0 2848 2943 0 178 -71 0
0 0 2848 2943 80 177 -71 0
c 24
R~breast
i 3
4 2 301
w 16
-210 -92 2746 3030 0 148 -69 -110
-210 -92 2746 3030 80 149 -70 -109
c 24
L~breast
i 3
4 2 302
w 16
452 299 2644 3080 0 132 -68 105
452 299 2644 3080 80 131 -68 105
//
//
//Animation SPIRIT_CHARGE Start Here
c 24
SPIRIT_CHARGE
i 3
32 652 1
c 24
Root
i 3
4 2 0
w 16
-113 -2818 -2967 -107 0 -4 -64 -22
-113 -2818 -2967 -107 10 -4 -64 -22
c 24
~Pelvis
i 3
3 2 1
w 10
-2047 -2047 -2047 -2048 0
-2047 -2047 -2047 -2048 10
c 24
~Spine
i 3
3 2 2
w 10
0 1 1 4096 0
0 1 1 4096 10
c 24
~Spine1
i 3
3 2 3
w 10
-71 2 496 4065 0
-71 2 496 4065 10
c 24
~Neck
i 3
3 2 4
w 10
0 -1 418 4074 0
0 -1 418 4074 10
c 24
~Head
i 3
3 2 5
w 10
0 1 -418 4074 0
0 1 -418 4074 10
c 24
L~Brow
i 3
3 2 6
w 10
185 -263 2364 3329 0
185 -263 2364 3329 10
c 24
R~Brow
i 3
3 2 7
w 10
-145 202 2367 3333 0
-145 202 2367 3333 10
c 24
Jaw
i 3
3 2 8
w 10
-1 0 3371 2326 0
-1 0 3371 2326 10
c 24
Bip01~R~Clavicle
i 3
3 2 21
w 10
-3140 624 2551 131 0
-3140 624 2551 131 10
c 24
~R~UpperArm
i 3
3 2 22
w 10
2690 1063 -2305 1758 0
2690 1063 -2305 1758 10
c 24
~R~ForeArm
i 3
3 2 23
w 10
0 0 0 4096 0
0 0 0 4096 10
c 24
~R~Hand
i 3
3 2 24
w 10
2174 1392 -2623 1796 0
2174 1392 -2623 1796 10
c 24
~R~Finger
i 3
3 2 25
w 10
-1 0 -15 -4095 0
-1 0 -15 -4095 10
c 24
R~Finger01
i 3
3 2 26
w 10
0 0 -15 -4095 0
0 0 -15 -4095 10
c 24
Bip01~L~Clavicle
i 3
3 2 31
w 10
-3231 615 -2393 -478 0
-3231 615 -2393 -478 10
c 24
~L~UpperArm
i 3
3 2 32
w 10
1490 1587 1640 -3057 0
1490 1587 1640 -3057 10
c 24
~L~ForeArm
i 3
3 2 33
w 10
0 0 0 -4096 0
0 0 0 -4096 10
c 24
~L~Hand
i 3
3 2 34
w 10
2106 2574 1519 -1844 0
2106 2574 1519 -1844 10
c 24
~L~Finger
i 3
3 2 35
w 10
-1 0 139 4093 0
-1 0 139 4093 10
c 24
L~Finger01
i 3
3 2 36
w 10
0 0 24 4095 0
0 0 24 4095 10
c 24
~L~Thigh
i 3
3 2 41
w 10
146 -4049 -227 553 0
146 -4049 -227 553 10
c 24
~L~Calf
i 3
3 2 42
w 10
0 0 -24 4095 0
0 0 -24 4095 10
c 24
~L~Foot
i 3
3 2 43
w 10
-108 -307 -556 4044 0
-108 -307 -556 4044 10
c 24
~L~Toe0
i 3
3 2 44
w 10
0 0 2896 2896 0
0 0 2896 2896 10
c 24
~R~Thigh
i 3
3 2 51
w 10
63 -4033 302 -643 0
63 -4033 302 -643 10
c 24
~R~Calf
i 3
3 2 52
w 10
0 0 -24 4095 0
0 0 -24 4095 10
c 24
~R~Foot
i 3
3 2 53
w 10
276 250 -921 3973 0
276 250 -921 3973 10
c 24
~R~Toe0
i 3
3 2 54
w 10
0 0 2896 2896 0
0 0 2896 2896 10
c 24
Belly
i 3
3 2 201
w 10
0 0 2848 2943 0
0 0 2848 2943 10
c 24
R~breast
i 3
3 2 301
w 10
-209 -92 2746 3030 0
-209 -92 2746 3030 10
c 24
L~breast
i 3
3 2 302
w 10
452 298 2644 3080 0
452 298 2644 3080 10
//
//
//Animation SPIRIT_THROW Start Here
c 24
SPIRIT_THROW
i 3
32 1630 1
c 24
Root
i 3
4 5 0
w 40
-171 -2891 -2891 -171 0 0 31 -21
-171 -2891 -2891 -171 12 0 31 -21
-188 -3098 -2668 -124 18 0 31 -21
-208 -2875 -2909 -44 24 0 31 -21
-208 -2875 -2909 -44 100 0 31 -21
c 24
~Pelvis
i 3
3 5 1
w 25
-2047 -2047 -2047 -2048 0
-2047 -2047 -2047 -2048 12
-2047 -2047 -2047 -2048 18
-2047 -2047 -2047 -2048 24
-2047 -2047 -2047 -2048 100
c 24
~Spine
i 3
3 5 2
w 25
0 1 1 4096 0
0 1 1 4096 12
-27 -109 984 3974 18
0 -226 1905 3618 24
0 -226 1905 3618 100
c 24
~Spine1
i 3
3 5 3
w 25
-71 18 385 4077 0
-57 124 -398 4074 12
-172 -38 572 4052 18
-207 -239 1502 3797 24
-207 -239 1502 3797 100
c 24
~Neck
i 3
3 5 4
w 25
0 -1 418 4074 0
0 -1 418 4074 12
0 -1 418 4074 18
0 1 -418 -4074 24
0 1 -418 -4074 100
c 24
~Head
i 3
3 5 5
w 25
-52 0 46 4095 0
-52 0 46 4095 12
-67 205 -954 3977 18
-17 -406 1885 -3613 24
-17 -406 1885 -3613 100
c 24
L~Brow
i 3
3 5 6
w 25
185 -263 2364 3329 0
185 -263 2364 3329 12
185 -263 2364 3329 18
185 -263 2364 3329 24
185 -263 2364 3329 100
c 24
R~Brow
i 3
3 5 7
w 25
-145 202 2367 3333 0
-145 202 2367 3333 12
-145 202 2367 3333 18
-145 202 2367 3333 24
-145 202 2367 3333 100
c 24
Jaw
i 3
3 5 8
w 25
-1 0 3371 2326 0
0 0 3371 2326 12
-1 0 3371 2326 18
0 0 3371 2326 24
0 0 3371 2326 100
c 24
Bip01~R~Clavicle
i 3
3 5 21
w 25
-3312 720 2297 -68 0
-3312 720 2297 -68 12
2834 -106 -2937 315 18
3046 578 -2628 501 24
3046 578 -2628 501 100
c 24
~R~UpperArm
i 3
3 5 22
w 25
-2247 -1793 785 -2809 0
-2247 -1793 785 -2809 12
1519 1493 -2531 2414 18
853 803 -3219 2245 24
853 803 -3219 2245 100
c 24
~R~ForeArm
i 3
3 5 23
w 25
0 0 0 -4096 0
0 0 0 -4095 12
0 0 0 -4096 18
0 0 0 -4096 24
0 0 0 -4096 100
c 24
~R~Hand
i 3
3 5 24
w 25
-2557 -2396 120 -2115 0
-2557 -2396 120 -2115 12
-2632 -2081 562 -2279 18
-2653 -1810 1035 -2320 24
-2653 -1810 1035 -2320 100
c 24
~R~Finger
i 3
3 5 25
w 25
0 0 15 4095 0
0 0 15 4095 12
0 0 15 4095 18
-1 0 -15 -4095 24
-1 0 -15 -4095 100
c 24
R~Finger01
i 3
3 5 26
w 25
0 0 15 4095 0
0 0 15 4095 12
0 0 15 4095 18
0 0 -15 -4095 24
0 0 -15 -4095 100
c 24
Bip01~L~Clavicle
i 3
3 5 31
w 25
-3344 678 -2259 160 0
-3344 678 -2259 160 12
-3067 646 -2627 212 18
2886 -449 2868 -102 24
2886 -449 2868 -102 100
c 24
~L~UpperArm
i 3
3 5 32
w 25
2136 1713 874 -2917 0
2136 1713 874 -2917 12
1160 1022 2539 -2816 18
-487 228 3242 -2444 24
-487 228 3242 -2444 100
c 24
~L~ForeArm
i 3
3 5 33
w 25
0 0 0 -4096 0
0 0 0 -4096 12
0 0 0 4096 18
0 0 0 4096 24
0 0 0 4096 100
c 24
~L~Hand
i 3
3 5 34
w 25
3375 1341 1270 -1404 0
3375 1341 1270 -1404 12
-3375 -1341 -1270 1404 18
-3375 -1341 -1270 1404 24
-3375 -1341 -1270 1404 100
c 24
~L~Finger
i 3
3 5 35
w 25
339 468 -956 3940 0
339 468 -956 3940 12
339 468 -956 3940 18
-339 -468 956 -3940 24
-339 -468 956 -3940 100
c 24
L~Finger01
i 3
3 5 36
w 25
0 0 24 4095 0
0 0 -24 -4095 12
0 0 24 4095 18
0 0 -24 -4095 24
0 0 -24 -4095 100
c 24
~L~Thigh
i 3
3 5 41
w 25
102 -4072 -137 401 0
-327 -4055 -180 435 12
-1295 -3779 -339 835 18
-1884 -3392 -608 1159 24
-1884 -3392 -608 1159 100
c 24
~L~Calf
i 3
3 5 42
w 25
0 0 -24 4095 0
147 -33 -749 4024 12
-189 -64 -1255 3893 18
522 32 1566 -3748 24
522 32 1566 -3748 100
c 24
~L~Foot
i 3
3 5 43
w 25
-188 -334 -445 4053 0
-188 -334 -445 4053 12
-188 -334 -445 4053 18
-188 -334 -445 4053 24
-188 -334 -445 4053 100
c 24
~L~Toe0
i 3
3 5 44
w 25
0 0 2896 2896 0
0 0 2896 2896 12
0 0 2896 2896 18
0 0 2896 2896 24
0 0 2896 2896 100
c 24
~R~Thigh
i 3
3 5 51
w 25
110 -4073 140 -392 0
-409 -4059 187 -309 12
-1509 -3753 305 -563 18
-2197 -3325 516 -790 24
-2197 -3325 516 -790 100
c 24
~R~Calf
i 3
3 5 52
w 25
0 0 -24 4095 0
-165 -176 -911 3986 12
-553 -27 -1205 3875 18
-838 110 -1322 3783 24
-838 110 -1322 3783 100
c 24
~R~Foot
i 3
3 5 53
w 25
18 143 -176 4089 0
18 143 -176 4089 12
18 143 -176 4089 18
18 143 -176 4089 24
18 143 -176 4089 100
c 24
~R~Toe0
i 3
3 5 54
w 25
0 0 2896 2896 0
0 0 2896 2896 12
0 0 2896 2896 18
0 0 2896 2896 24
0 0 2896 2896 100
c 24
Belly
i 3
3 5 201
w 25
0 0 2848 2943 0
0 0 2848 2943 12
0 0 2848 2943 18
0 0 2848 2943 24
0 0 2848 2943 100
c 24
R~breast
i 3
3 5 301
w 25
-209 -92 2746 3030 0
-209 -92 2746 3030 12
-209 -92 2746 3030 18
209 92 -2746 -3030 24
209 92 -2746 -3030 100
c 24
L~breast
i 3
3 5 302
w 25
452 298 2644 3080 0
452 298 2644 3080 12
452 298 2644 3080 18
-452 -298 -2644 -3080 24
-452 -298 -2644 -3080 100
//
//
//Animation SPIRIT_TRANSFORM Start Here
c 24
SPIRIT_TRANSFORM
i 3
32 1304 1
c 24
Root
i 3
4 4 0
w 32
-332 -2953 -2784 -436 0 -49 -511 -21
-332 -2953 -2784 -436 28 -49 -511 -21
-113 -3055 -2722 -116 34 -49 -511 -21
-113 -3055 -2722 -116 40 -49 -511 -21
c 24
~Pelvis
i 3
3 4 1
w 20
-2047 -2047 -2047 -2048 0
-2047 -2047 -2047 -2048 28
-2047 -2047 -2047 -2048 34
-2047 -2047 -2047 -2048 40
c 24
~Spine
i 3
3 4 2
w 20
0 1 1 4096 0
0 1 1 4095 28
0 0 1 4096 34
0 0 1 4096 40
c 24
~Spine1
i 3
3 4 3
w 20
313 -249 1680 3713 0
313 -249 1680 3713 28
252 -49 -61 4087 34
252 -49 -61 4087 40
c 24
~Neck
i 3
3 4 4
w 20
0 -1 418 4074 0
0 -1 418 4074 28
0 -1 418 4074 34
0 -1 418 4074 40
c 24
~Head
i 3
3 4 5
w 20
0 1 -418 4074 0
0 0 -418 4074 28
-186 126 233 4083 34
-186 126 233 4083 40
c 24
L~Brow
i 3
3 4 6
w 20
185 -263 2364 3329 0
185 -263 2364 3329 28
185 -263 2364 3329 34
185 -263 2364 3329 40
c 24
R~Brow
i 3
3 4 7
w 20
-145 202 2367 3333 0
-145 202 2367 3333 28
-145 202 2367 3333 34
-145 202 2367 3333 40
c 24
Jaw
i 3
3 4 8
w 20
0 0 3371 2326 0
0 0 3371 2326 28
-1 0 3371 2326 34
-1 0 3371 2326 40
c 24
Bip01~R~Clavicle
i 3
3 4 21
w 20
2878 -321 -2883 -271 0
2878 -321 -2883 -271 28
2878 -321 -2883 -271 34
2878 -321 -2883 -271 40
c 24
~R~UpperArm
i 3
3 4 22
w 20
-1745 1815 1977 -2553 0
-1745 1815 1977 -2553 28
-750 2037 -1601 -3082 34
-750 2037 -1601 -3082 40
c 24
~R~ForeArm
i 3
3 4 23
w 20
350 315 3499 -2076 0
350 315 3499 -2076 28
-1114 1386 2219 -2947 34
-1114 1386 2219 -2947 40
c 24
~R~Hand
i 3
3 4 24
w 20
-2897 -46 -192 -2888 0
-2897 -46 -192 -2888 28
2897 46 192 2888 34
2897 46 192 2888 40
c 24
~R~Finger
i 3
3 4 25
w 20
112 189 -2031 -3549 0
112 189 -2031 -3549 28
-112 -189 2031 3549 34
-112 -189 2031 3549 40
c 24
R~Finger01
i 3
3 4 26
w 20
-49 151 -1699 -3723 0
-49 151 -1699 -3723 28
49 -151 1699 3723 34
49 -151 1699 3723 40
c 24
Bip01~L~Clavicle
i 3
3 4 31
w 20
-2878 321 -2883 -271 0
-2878 321 -2883 -271 28
-2878 321 -2883 -271 34
-2878 321 -2883 -271 40
c 24
~L~UpperArm
i 3
3 4 32
w 20
1210 -1373 1996 -3072 0
1210 -1373 1996 -3072 28
544 -2576 -585 -3081 34
544 -2576 -585 -3081 40
c 24
~L~ForeArm
i 3
3 4 33
w 20
-168 -84 3450 -2199 0
-168 -84 3450 -2199 28
1229 -511 2341 -3086 34
1229 -511 2341 -3086 40
c 24
~L~Hand
i 3
3 4 34
w 20
-2901 273 -129 2875 0
-2901 273 -129 2875 28
2825 -368 241 -2932 34
2825 -368 241 -2932 40
c 24
~L~Finger
i 3
3 4 35
w 20
-217 -730 3637 1721 0
-217 -730 3637 1721 28
-217 -730 3637 1721 34
-217 -730 3637 1721 40
c 24
L~Finger01
i 3
3 4 36
w 20
0 0 -24 -4095 0
0 0 -24 -4095 28
0 0 -24 -4095 34
0 0 -24 -4095 40
c 24
~L~Thigh
i 3
3 4 41
w 20
-2924 -2686 263 966 0
-2924 -2686 263 966 28
-1381 -3736 161 937 34
-1381 -3736 161 937 40
c 24
~L~Calf
i 3
3 4 42
w 20
-134 467 3719 -1644 0
-134 467 3719 -1644 28
-526 117 -1566 3746 34
-526 117 -1566 3746 40
c 24
~L~Foot
i 3
3 4 43
w 20
151 -528 -699 3998 0
151 -528 -699 3998 28
151 -528 -699 3998 34
151 -528 -699 3998 40
c 24
~L~Toe0
i 3
3 4 44
w 20
0 0 2896 2896 0
0 0 2896 2896 28
0 0 2896 2896 34
0 0 2896 2896 40
c 24
~R~Thigh
i 3
3 4 51
w 20
-2661 -3015 293 714 0
-2661 -3015 293 714 28
-1576 -3629 908 -541 34
-1576 -3629 908 -541 40
c 24
~R~Calf
i 3
3 4 52
w 20
951 128 3245 -2306 0
951 128 3245 -2306 28
-320 -314 -1520 3776 34
-320 -314 -1520 3776 40
c 24
~R~Foot
i 3
3 4 53
w 20
-100 -142 -1212 3908 0
-100 -142 -1212 3908 28
-100 -142 -1212 3908 34
-100 -142 -1212 3908 40
c 24
~R~Toe0
i 3
3 4 54
w 20
0 0 2896 2896 0
0 0 2896 2896 28
0 0 2896 2896 34
0 0 2896 2896 40
c 24
Belly
i 3
3 4 201
w 20
0 0 2848 2943 0
0 0 2848 2943 28
0 0 2848 2943 34
0 0 2848 2943 40
c 24
R~breast
i 3
3 4 301
w 20
-209 -92 2746 3030 0
-209 -92 2746 3030 28
-209 -92 2746 3030 34
-209 -92 2746 3030 40
c 24
L~breast
i 3
3 4 302
w 20
452 298 2644 3080 0
452 298 2644 3080 28
452 298 2644 3080 34
452 298 2644 3080 40
//
//
//Animation SPIRIT_PUSH Start Here
c 24
SPIRIT_PUSH
i 3
32 2282 1
c 24
Root
i 3
4 7 0
w 56
719 -2807 -2790 769 0 -22 -146 -18
719 -2807 -2790 769 24 -22 -146 -18
940 -2741 -2720 989 60 -22 -272 72
1089 -2685 -2661 1136 88 -22 -360 135
1089 -2685 -2661 1136 96 -22 -177 15
1089 -2685 -2661 1136 100 -22 -177 15
1089 -2685 -2661 1136 104 -22 -360 135
c 24
~Pelvis
i 3
3 7 1
w 35
-2047 -2047 -2048 -2048 0
-2047 -2047 -2048 -2048 24
-2047 -2047 -2048 -2048 60
-2047 -2047 -2047 -2048 88
-2047 -2047 -2047 -2048 96
-2047 -2047 -2047 -2048 100
-2047 -2047 -2047 -2048 104
c 24
~Spine
i 3
3 7 2
w 35
0 1 1 4095 0
0 1 1 4095 24
0 100 297 4083 60
-8 168 499 4061 88
-8 168 499 4061 96
-8 168 499 4061 100
-8 168 499 4061 104
c 24
~Spine1
i 3
3 7 3
w 35
201 152 261 4079 0
201 152 261 4079 24
204 367 623 4026 60
185 515 864 3966 88
185 515 864 3966 96
185 515 864 3966 100
185 515 864 3966 104
c 24
~Neck
i 3
3 7 4
w 35
0 -1 418 4074 0
0 -1 418 4074 24
0 -1 418 4074 60
0 -1 418 4074 88
0 -1 418 4074 96
0 -1 418 4074 100
0 -1 418 4074 104
c 24
~Head
i 3
3 7 5
w 35
-675 70 -412 4018 0
-675 70 -412 4018 24
-675 70 -412 4018 60
-675 70 -412 4018 88
-675 70 -412 4018 96
-675 70 -412 4018 100
-675 70 -412 4018 104
c 24
L~Brow
i 3
3 7 6
w 35
185 -263 2364 3329 0
185 -263 2364 3329 24
185 -263 2364 3329 60
185 -263 2364 3329 88
185 -263 2364 3329 96
185 -263 2364 3329 100
185 -263 2364 3329 104
c 24
R~Brow
i 3
3 7 7
w 35
-145 202 2367 3333 0
-145 202 2367 3333 24
-145 202 2367 3333 60
-145 202 2367 3333 88
-145 202 2367 3333 96
-145 202 2367 3333 100
-145 202 2367 3333 104
c 24
Jaw
i 3
3 7 8
w 35
0 0 3371 2326 0
0 0 3371 2326 24
0 0 3371 2326 60
0 0 3371 2326 88
0 0 3371 2326 96
0 0 3371 2326 100
0 0 3371 2326 104
c 24
Bip01~R~Clavicle
i 3
3 7 21
w 35
-2895 -87 2816 675 0
-2895 -87 2816 675 24
-2895 -87 2816 675 60
-2895 -87 2816 675 88
-2895 -87 2816 675 96
-2895 -87 2816 675 100
-2895 -87 2816 675 104
c 24
~R~UpperArm
i 3
3 7 22
w 35
83 745 1166 -3854 0
83 745 1166 -3854 24
-1 451 1120 -3913 60
-52 246 1083 -3942 88
-34 311 1095 -3934 96
-51 251 1084 -3941 100
-44 275 1088 -3938 104
c 24
~R~ForeArm
i 3
3 7 23
w 35
0 0 0 -4096 0
0 0 0 -4096 24
0 0 0 -4096 60
0 0 0 -4096 88
0 0 0 -4096 96
0 0 0 -4096 100
0 0 0 -4096 104
c 24
~R~Hand
i 3
3 7 24
w 35
-2703 -1768 1222 -2202 0
-2703 -1768 1222 -2202 24
-2703 -1768 1222 -2202 60
-2703 -1768 1222 -2202 88
-2703 -1768 1222 -2202 96
-2703 -1768 1222 -2202 100
-2703 -1768 1222 -2202 104
c 24
~R~Finger
i 3
3 7 25
w 35
0 0 15 4095 0
0 0 15 4095 24
1 0 15 4095 60
0 0 15 4095 88
1 0 15 4095 96
1 0 15 4095 100
1 0 15 4095 104
c 24
R~Finger01
i 3
3 7 26
w 35
0 0 15 4095 0
0 0 15 4095 24
0 0 15 4095 60
0 0 15 4095 88
0 0 15 4095 96
0 0 15 4095 100
0 0 15 4095 104
c 24
Bip01~L~Clavicle
i 3
3 7 31
w 35
-2878 321 -2883 -271 0
-2878 321 -2883 -271 24
-2878 321 -2883 -271 60
-2948 -184 -2697 -881 88
-2948 -184 -2697 -881 96
-2948 -184 -2697 -881 100
-2948 -184 -2697 -881 104
c 24
~L~UpperArm
i 3
3 7 32
w 35
830 -1252 2049 -3212 0
830 -1252 2049 -3212 24
196 -170 2413 -3299 60
-230 613 2376 -3271 88
-230 613 2376 -3271 96
-230 613 2376 -3271 100
-230 613 2376 -3271 104
c 24
~L~ForeArm
i 3
3 7 33
w 35
-317 652 3304 -2309 0
-317 652 3304 -2309 24
-317 652 3304 -2309 60
-317 652 3304 -2309 88
-317 652 3304 -2309 96
-317 652 3304 -2309 100
-317 652 3304 -2309 104
c 24
~L~Hand
i 3
3 7 34
w 35
-3562 1618 -1189 -220 0
-3562 1618 -1189 -220 24
-3436 332 -1874 1160 60
-2931 -667 -1881 2049 88
-2931 -667 -1881 2049 96
-2931 -667 -1881 2049 100
-2931 -667 -1881 2049 104
c 24
~L~Finger
i 3
3 7 35
w 35
18 -14 50 -4095 0
18 -14 50 -4095 24
18 -14 50 -4095 60
18 -14 50 -4095 88
18 -14 50 -4095 96
18 -14 50 -4095 100
18 -14 50 -4095 104
c 24
L~Finger01
i 3
3 7 36
w 35
-1000 417 -254 -3941 0
-1000 417 -254 -3941 24
-498 377 -270 -4039 60
-147 357 -290 -4067 88
-147 357 -290 -4067 96
-147 357 -290 -4067 100
-147 357 -290 -4067 104
c 24
~L~Thigh
i 3
3 7 41
w 35
141 -3989 -825 400 0
141 -3989 -825 400 24
-1576 -3614 -413 1026 60
-2310 -2932 -616 1567 88
-2310 -2932 -616 1567 96
-2310 -2932 -616 1567 100
-2310 -2932 -616 1567 104
c 24
~L~Calf
i 3
3 7 42
w 35
0 0 -24 4095 0
0 0 -24 4095 24
-145 8 2114 -3505 60
-224 102 3231 -2504 88
-224 102 3231 -2504 96
-224 102 3231 -2504 100
-224 102 3231 -2504 104
c 24
~L~Foot
i 3
3 7 43
w 35
-119 -107 -632 4043 0
-119 -107 -632 4043 24
-119 -107 -632 4043 60
119 107 632 -4043 88
119 107 632 -4043 96
119 107 632 -4043 100
119 107 632 -4043 104
c 24
~L~Toe0
i 3
3 7 44
w 35
0 0 2896 2896 0
0 0 2896 2896 24
0 0 2896 2896 60
0 0 -2896 -2896 88
0 0 -2896 -2896 96
0 0 -2896 -2896 100
0 0 -2896 -2896 104
c 24
~R~Thigh
i 3
3 7 51
w 35
-449 -4045 -152 -435 0
-449 -4045 -152 -435 24
-577 -3953 -203 -880 60
-638 -3864 -211 -1180 88
-638 -3864 -211 -1180 96
-638 -3864 -211 -1180 100
-638 -3864 -211 -1180 104
c 24
~R~Calf
i 3
3 7 52
w 35
304 22 -608 4039 0
304 22 -608 4039 24
715 386 -1679 3646 60
1093 497 -2321 3153 88
1093 497 -2321 3153 96
1093 497 -2321 3153 100
1093 497 -2321 3153 104
c 24
~R~Foot
i 3
3 7 53
w 35
-9 -163 -507 4061 0
-9 -163 -507 4061 24
-9 -163 -507 4061 60
-9 -163 -507 4061 88
-9 -163 -507 4061 96
-9 -163 -507 4061 100
-9 -163 -507 4061 104
c 24
~R~Toe0
i 3
3 7 54
w 35
0 0 2896 2896 0
0 0 2896 2896 24
0 0 2896 2896 60
0 0 2896 2896 88
0 0 2896 2896 96
0 0 2896 2896 100
0 0 2896 2896 104
c 24
Belly
i 3
3 7 201
w 35
0 0 2848 2943 0
0 0 2848 2943 24
0 0 2848 2943 60
0 0 2848 2943 88
0 0 2848 2943 96
0 0 2848 2943 100
0 0 2848 2943 104
c 24
R~breast
i 3
3 7 301
w 35
-209 -92 2746 3030 0
-209 -92 2746 3030 24
-209 -92 2746 3030 60
-209 -92 2746 3030 88
-209 -92 2746 3030 96
-209 -92 2746 3030 100
-209 -92 2746 3030 104
c 24
L~breast
i 3
3 7 302
w 35
452 298 2644 3080 0
452 298 2644 3080 24
452 298 2644 3080 60
452 298 2644 3080 88
452 298 2644 3080 96
452 298 2644 3080 100
452 298 2644 3080 104
//
//
//Animation SPIRIT_MISC Start Here
c 24
SPIRIT_MISC
i 3
32 652 1
c 24
Root
i 3
4 2 0
w 16
-113 -3055 -2722 -116 34 -49 -511 -21
-113 -3055 -2722 -116 40 -49 -511 -21
c 24
~Pelvis
i 3
3 2 1
w 10
-2047 -2047 -2047 -2048 34
-2047 -2047 -2047 -2048 40
c 24
~Spine
i 3
3 2 2
w 10
0 0 1 4096 34
0 0 1 4096 40
c 24
~Spine1
i 3
3 2 3
w 10
252 -49 -61 4087 34
252 -49 -61 4087 40
c 24
~Neck
i 3
3 2 4
w 10
0 -1 418 4074 34
0 -1 418 4074 40
c 24
~Head
i 3
3 2 5
w 10
-186 126 233 4083 34
-186 126 233 4083 40
c 24
L~Brow
i 3
3 2 6
w 10
185 -263 2364 3329 34
185 -263 2364 3329 40
c 24
R~Brow
i 3
3 2 7
w 10
-145 202 2367 3333 34
-145 202 2367 3333 40
c 24
Jaw
i 3
3 2 8
w 10
-1 0 3371 2326 34
-1 0 3371 2326 40
c 24
Bip01~R~Clavicle
i 3
3 2 21
w 10
2878 -321 -2883 -271 34
2878 -321 -2883 -271 40
c 24
~R~UpperArm
i 3
3 2 22
w 10
-750 2037 -1601 -3082 34
-750 2037 -1601 -3082 40
c 24
~R~ForeArm
i 3
3 2 23
w 10
-1114 1386 2219 -2947 34
-1114 1386 2219 -2947 40
c 24
~R~Hand
i 3
3 2 24
w 10
2897 46 192 2888 34
2897 46 192 2888 40
c 24
~R~Finger
i 3
3 2 25
w 10
-112 -189 2031 3549 34
-112 -189 2031 3549 40
c 24
R~Finger01
i 3
3 2 26
w 10
49 -151 1699 3723 34
49 -151 1699 3723 40
c 24
Bip01~L~Clavicle
i 3
3 2 31
w 10
-2878 321 -2883 -271 34
-2878 321 -2883 -271 40
c 24
~L~UpperArm
i 3
3 2 32
w 10
544 -2576 -585 -3081 34
544 -2576 -585 -3081 40
c 24
~L~ForeArm
i 3
3 2 33
w 10
1229 -511 2341 -3086 34
1229 -511 2341 -3086 40
c 24
~L~Hand
i 3
3 2 34
w 10
2825 -368 241 -2932 34
2825 -368 241 -2932 40
c 24
~L~Finger
i 3
3 2 35
w 10
-217 -730 3637 1721 34
-217 -730 3637 1721 40
c 24
L~Finger01
i 3
3 2 36
w 10
0 0 -24 -4095 34
0 0 -24 -4095 40
c 24
~L~Thigh
i 3
3 2 41
w 10
-1381 -3736 161 937 34
-1381 -3736 161 937 40
c 24
~L~Calf
i 3
3 2 42
w 10
-526 117 -1566 3746 34
-526 117 -1566 3746 40
c 24
~L~Foot
i 3
3 2 43
w 10
151 -528 -699 3998 34
151 -528 -699 3998 40
c 24
~L~Toe0
i 3
3 2 44
w 10
0 0 2896 2896 34
0 0 2896 2896 40
c 24
~R~Thigh
i 3
3 2 51
w 10
-1576 -3629 908 -541 34
-1576 -3629 908 -541 40
c 24
~R~Calf
i 3
3 2 52
w 10
-320 -314 -1520 3776 34
-320 -314 -1520 3776 40
c 24
~R~Foot
i 3
3 2 53
w 10
-100 -142 -1212 3908 34
-100 -142 -1212 3908 40
c 24
~R~Toe0
i 3
3 2 54
w 10
0 0 2896 2896 34
0 0 2896 2896 40
c 24
Belly
i 3
3 2 201
w 10
0 0 2848 2943 34
0 0 2848 2943 40
c 24
R~breast
i 3
3 2 301
w 10
-209 -92 2746 3030 34
-209 -92 2746 3030 40
c 24
L~breast
i 3
3 2 302
w 10
452 298 2644 3080 34
452 298 2644 3080 40
//
//
//Animation CLOUD_SLOW Start Here
c 24
CLOUD_SLOW
i 3
32 1024 1
c 24
Root
i 3
4 2 0
w 16
24 -7 373 4078 0 0 0 0
24 -7 373 4078 10 0 0 0
c 24
~Pelvis
i 3
4 2 1
w 16
-2094 -2094 -2000 2000 0 0 0 0
-2094 -2094 -2000 2000 10 0 0 0
c 24
~Spine
i 3
4 2 2
w 16
547 111 731 3991 0 -1 0 -1
547 111 731 3991 10 -1 0 -1
c 24
~Spine1
i 3
4 2 3
w 16
-46 -16 266 4087 0 194 0 0
-46 -16 266 4087 10 194 0 0
c 24
~Neck
i 3
4 2 4
w 16
0 9 700 4035 0 295 0 0
0 9 700 4035 10 295 0 0
c 24
~Head
i 3
4 2 5
w 16
1271 -654 -872 3737 0 117 0 0
1271 -654 -872 3737 10 117 0 0
c 24
L~Brow
i 3
4 2 6
w 16
196 -257 2375 3320 0 85 -16 19
196 -257 2375 3320 10 85 -16 19
c 24
R~Brow
i 3
4 2 7
w 16
-94 248 2383 3320 0 85 -16 -23
-94 248 2383 3320 10 85 -16 -23
c 24
Jaw
i 3
4 2 8
w 16
0 0 3383 2308 0 11 15 -4
0 0 3383 2308 10 11 15 -4
c 24
Bip01~R~Clavicle
i 3
4 2 21
w 16
-2858 195 2820 784 0 0 0 0
-2858 195 2820 784 10 0 0 0
c 24
~R~UpperArm
i 3
4 2 22
w 16
278 2130 -1235 -3261 0 198 0 0
278 2130 -1235 -3261 10 198 0 0
c 24
~R~ForeArm
i 3
4 2 23
w 16
-174 -108 2050 -3539 0 281 0 0
-174 -108 2050 -3539 10 281 0 0
c 24
~R~Hand
i 3
4 2 24
w 16
-904 -134 -345 -3977 0 285 0 0
-904 -134 -345 -3977 10 284 0 0
c 24
~R~Finger
i 3
4 2 25
w 16
-1101 -16 -884 -3844 0 83 0 0
-1101 -16 -884 -3844 10 84 0 0
c 24
R~Finger01
i 3
4 2 26
w 16
0 0 -1922 -3616 0 41 0 0
0 0 -1922 -3616 10 42 0 0
c 24
Bip01~L~Clavicle
i 3
4 2 31
w 16
-2797 154 -2874 -814 0 0 0 0
-2797 154 -2874 -814 10 0 0 0
c 24
~L~UpperArm
i 3
4 2 32
w 16
-563 1754 124 3656 0 198 0 0
-563 1754 124 3656 10 198 0 0
c 24
~L~ForeArm
i 3
4 2 33
w 16
-424 87 1361 -3838 0 281 0 0
-424 87 1361 -3838 10 281 0 0
c 24
~L~Hand
i 3
4 2 34
w 16
-1097 -207 -166 3937 0 285 0 0
-1097 -207 -166 3937 10 285 0 0
c 24
~L~Finger
i 3
4 2 35
w 16
-770 406 1160 3830 0 84 0 0
-770 406 1160 3830 10 84 0 0
c 24
L~Finger01
i 3
4 2 36
w 16
0 0 -2260 -3415 0 42 0 0
0 0 -2260 -3415 10 42 0 0
c 24
~L~Thigh
i 3
4 2 41
w 16
-1048 -3751 -972 810 0 0 0 115
-1048 -3751 -972 810 10 0 0 115
c 24
~L~Calf
i 3
4 2 42
w 16
-79 -379 -1751 3682 0 466 0 0
-79 -379 -1751 3682 10 466 0 0
c 24
~L~Foot
i 3
4 2 43
w 16
808 279 695 3944 0 494 0 0
808 279 695 3944 10 494 0 0
c 24
~L~Toe0
i 3
4 2 44
w 16
-120 -106 3017 2765 0 104 157 0
-120 -106 3017 2765 10 104 157 0
c 24
~R~Thigh
i 3
4 2 51
w 16
-994 -3885 640 -534 0 0 0 -115
-994 -3885 640 -534 10 0 0 -115
c 24
~R~Calf
i 3
4 2 52
w 16
-104 206 -1906 3617 0 466 0 0
-104 206 -1906 3617 10 466 0 0
c 24
~R~Foot
i 3
4 2 53
w 16
581 327 -997 -3916 0 495 0 0
581 327 -997 -3916 10 495 0 0
c 24
~R~Toe0
i 3
4 2 54
w 16
0 0 2893 2899 0 104 157 0
0 0 2893 2899 10 104 157 0
c 24
Belly
i 3
4 2 201
w 16
0 0 2848 2943 0 61 0 0
0 0 2848 2943 10 61 0 0
c 24
R~breast
i 3
4 2 301
w 16
-209 -88 2746 3030 0 265 0 -195
-209 -88 2746 3030 10 265 0 -195
c 24
L~breast
i 3
4 2 302
w 16
453 299 2643 3081 0 266 0 195
453 299 2643 3081 10 266 0 195
//
//
//Animation CLOUD_ACCEL Start Here
c 24
CLOUD_ACCEL
i 3
32 640 1
c 24
Root
i 3
3 2 0
w 10
24 -7 373 4078 0
24 -7 373 4078 12
c 24
~Pelvis
i 3
3 2 1
w 10
-2094 -2094 -2000 2000 0
-2094 -2094 -2000 2000 12
c 24
~Spine
i 3
3 2 2
w 10
547 111 731 3991 0
385 -711 984 3892 12
c 24
~Spine1
i 3
3 2 3
w 10
-47 -18 266 4087 0
-47 -18 266 4087 12
c 24
~Neck
i 3
3 2 4
w 10
0 9 700 4035 0
0 8 700 4035 12
c 24
~Head
i 3
3 2 5
w 10
1271 -654 -872 3737 0
1458 -394 -1164 3624 12
c 24
L~Brow
i 3
3 2 6
w 10
196 -257 2375 3320 0
196 -257 2375 3320 12
c 24
R~Brow
i 3
3 2 7
w 10
-94 248 2383 3320 0
-94 248 2383 3320 12
c 24
Jaw
i 3
3 2 8
w 10
0 0 3383 2308 0
0 0 3383 2308 12
c 24
Bip01~R~Clavicle
i 3
3 2 21
w 10
-2858 195 2820 784 0
-2858 195 2820 784 12
c 24
~R~UpperArm
i 3
3 2 22
w 10
278 2130 -1235 -3261 0
258 1546 -854 -3686 12
c 24
~R~ForeArm
i 3
3 2 23
w 10
-174 -108 2050 -3539 0
-174 -108 2050 -3539 12
c 24
~R~Hand
i 3
3 2 24
w 10
-904 -134 -345 -3977 0
-904 -134 -345 -3977 12
c 24
~R~Finger
i 3
3 2 25
w 10
-1101 -17 -884 -3844 0
-1101 -17 -884 -3844 12
c 24
R~Finger01
i 3
3 2 26
w 10
0 0 -1922 -3616 0
0 0 -1922 -3616 12
c 24
Bip01~L~Clavicle
i 3
3 2 31
w 10
-2797 154 -2874 -814 0
-2797 154 -2874 -814 12
c 24
~L~UpperArm
i 3
3 2 32
w 10
-563 1754 124 3656 0
-460 1631 385 3708 12
c 24
~L~ForeArm
i 3
3 2 33
w 10
-424 87 1361 -3838 0
-248 21 2004 -3563 12
c 24
~L~Hand
i 3
3 2 34
w 10
-1097 -207 -166 3937 0
-1097 -208 -166 3937 12
c 24
~L~Finger
i 3
3 2 35
w 10
-770 406 1160 3830 0
-770 406 1160 3830 12
c 24
L~Finger01
i 3
3 2 36
w 10
0 0 -2260 -3415 0
0 0 -2260 -3415 12
c 24
~L~Thigh
i 3
3 2 41
w 10
-1048 -3751 -972 810 0
-1048 -3751 -972 810 12
c 24
~L~Calf
i 3
3 2 42
w 10
-79 -379 -1751 3682 0
-79 -379 -1751 3682 12
c 24
~L~Foot
i 3
3 2 43
w 10
808 279 695 3944 0
808 279 695 3944 12
c 24
~L~Toe0
i 3
3 2 44
w 10
-120 -106 3017 2765 0
-120 -106 3017 2765 12
c 24
~R~Thigh
i 3
3 2 51
w 10
-994 -3885 640 -534 0
-994 -3885 640 -534 12
c 24
~R~Calf
i 3
3 2 52
w 10
-104 206 -1906 3617 0
-104 206 -1906 3617 12
c 24
~R~Foot
i 3
3 2 53
w 10
581 327 -997 -3916 0
581 327 -997 -3916 12
c 24
~R~Toe0
i 3
3 2 54
w 10
0 0 2893 2899 0
0 0 2893 2899 12
c 24
Belly
i 3
3 2 201
w 10
0 0 2848 2943 0
0 0 2848 2943 12
c 24
R~breast
i 3
3 2 301
w 10
-209 -89 2746 3030 0
-209 -90 2746 3030 12
c 24
L~breast
i 3
3 2 302
w 10
453 299 2643 3081 0
453 299 2643 3081 12
//
//
//Animation KAME_CHARGE Start Here
c 24
KAME_CHARGE
i 3
21 1360 1
c 24
~Pelvis
i 3
4 13 1
w 104
2120 2120 1973 -1973 0 -17 -42 -29
2120 2120 1973 -1973 2 -17 -45 -98
2120 2120 1973 -1973 4 -17 -51 -223
2120 2120 1973 -1973 6 -17 -57 -223
2120 2120 1973 -1973 8 -16 -57 -226
2120 2120 1973 -1973 10 -17 -60 -237
2120 2120 1973 -1973 12 -16 -63 -272
2120 2120 1973 -1973 14 -17 -65 -327
2120 2120 1973 -1973 16 -17 -66 -385
2041 2041 2054 -2054 18 -16 -67 -447
1959 1959 2132 -2132 20 -16 -67 -495
1959 1959 2132 -2132 22 -14 -67 -515
1959 1959 2132 -2132 24 -14 -66 -520
c 24
~Spine
i 3
4 4 2
w 32
74 1 -27 4095 0 117 -29 0
74 1 -27 4095 4 116 -27 0
106 1 -36 4094 8 117 -27 0
-934 -3 -9 3988 22 116 -29 0
c 24
~Spine1
i 3
4 3 3
w 24
94 16 301 4083 0 185 0 0
94 16 301 4083 4 185 0 0
1862 161 -1348 -3386 22 184 0 0
c 24
~Head
i 3
4 3 5
w 24
0 0 0 -4096 0 125 0 0
0 0 0 -4096 4 126 0 0
-2845 399 292 -2904 22 125 0 0
c 24
~R~UpperArm
i 3
4 5 22
w 40
1810 106 -97 3671 0 200 0 0
213 -85 -3328 2376 4 200 0 0
23 59 -3336 2374 8 200 0 0
-1889 -243 -262 3616 22 201 0 0
-2288 -228 -306 3375 24 201 0 0
c 24
~R~ForeArm
i 3
4 4 23
w 32
-1763 -45 137 -3694 0 267 0 0
-1567 -427 267 -3750 4 269 0 0
-1466 -681 389 -3743 8 269 0 0
1215 -887 -3391 1734 22 270 0 0
c 24
~R~Hand
i 3
4 4 24
w 32
-1539 890 2087 -3042 0 286 0 0
2944 1383 -1508 1980 4 285 0 0
-3391 -751 671 -2064 8 285 0 0
2925 374 -1945 2072 22 286 0 0
c 24
~R~Finger
i 3
4 2 25
w 16
0 0 113 -4094 0 90 0 0
55 49 230 -4088 8 90 0 0
c 24
R~Finger01
i 3
4 2 26
w 16
0 0 74 4095 0 31 0 0
56 50 42 -4095 8 31 0 0
c 24
~L~UpperArm
i 3
4 5 32
w 40
-2338 -541 -1425 2997 0 204 0 0
-1482 1188 -3319 1466 4 205 0 0
-1632 1086 -3295 1440 8 204 0 0
-1014 1362 -2801 2458 14 203 0 0
1374 -2067 2389 -2215 22 204 0 0
c 24
~L~ForeArm
i 3
4 5 33
w 40
321 227 -1113 -3922 0 252 0 0
-284 -82 -838 -3998 8 254 0 0
243 -1192 -46 -3910 14 253 0 0
171 -2138 -1164 -3289 20 254 0 0
650 -1992 -1761 -3046 22 253 0 0
c 24
~L~Hand
i 3
4 4 34
w 32
1802 -878 25 -3571 0 291 0 0
2553 2201 1428 -1835 4 291 0 0
1431 1661 2335 -2551 8 291 0 0
-1197 -131 -3001 2513 22 292 0 0
c 24
~L~Finger
i 3
4 3 35
w 24
0 0 -29 -4095 0 89 0 0
-36 -111 -72 -4093 8 89 0 0
-87 -175 -133 4089 22 89 0 0
c 24
~L~Thigh
i 3
4 4 41
w 32
-528 -4049 -178 256 0 49 0 86
-2047 -3534 -249 170 4 51 1 85
-2047 -3534 -249 170 8 52 1 84
-3116 -2643 -274 66 22 38 0 83
c 24
~L~Calf
i 3
4 4 42
w 32
0 0 862 -4004 0 418 0 0
-175 -167 2385 -3320 4 419 0 0
-175 -167 2385 -3320 8 419 0 0
-296 -282 3328 -2351 22 418 0 0
c 24
~L~Foot
i 3
4 3 43
w 24
34 178 -334 -4078 0 508 0 0
35 178 -334 -4078 4 509 0 0
41 179 -385 -4073 22 510 0 0
c 24
~R~Thigh
i 3
4 4 51
w 32
-317 -4082 98 -25 0 50 0 -89
-65 -3990 692 -611 4 51 1 -89
-65 -3990 692 -611 8 51 1 -89
-773 2103 -2429 2418 22 52 0 -91
c 24
~R~Calf
i 3
4 4 52
w 32
0 0 678 -4039 0 419 0 0
259 380 1561 -3758 4 419 0 0
259 380 1561 -3758 8 420 0 0
381 142 -1594 3750 22 419 0 0
c 24
~R~Foot
i 3
4 4 53
w 32
-144 -140 -374 -4073 0 510 0 0
-321 -526 -1185 -3871 4 510 0 0
-321 -526 -1185 -3871 8 511 0 0
-200 291 -333 4067 22 511 0 0
c 24
~R~Toe0
i 3
4 2 54
w 16
0 0 -2896 -2896 0 117 151 0
451 -142 2075 3499 22 117 149 0
c 24
L~breast
i 3
4 3 302
w 24
-318 -219 -2887 -2878 0 114 -51 96
-318 -219 -2887 -2878 4 115 -50 97
-329 -205 -2888 -2877 22 116 -52 100
//
//
//Animation KAME_ATTACK Start Here
c 24
KAME_ATTACK
i 3
17 848 1
c 24
~Pelvis
i 3
4 5 1
w 40
-1959 -1959 -2132 2132 0 -16 -67 -495
-1959 -1959 -2132 2132 2 -14 -67 -515
-1959 -1959 -2132 2132 4 -15 -67 -520
-1959 -1959 -2132 2132 6 -16 -67 -516
-2120 -2120 -1973 1973 16 -17 -74 -580
c 24
~Spine
i 3
4 3 2
w 24
934 4 9 -3988 2 116 -29 0
934 2 8 -3988 6 116 -27 0
-456 -94 766 3996 16 116 -28 0
c 24
~Spine1
i 3
4 3 3
w 24
-1862 -161 1348 3386 2 184 0 0
-1862 -161 1348 3386 6 186 0 0
-622 6 -164 -4045 16 185 0 0
c 24
~Head
i 3
4 3 5
w 24
-2845 399 292 -2904 2 126 0 0
-2858 472 300 -2879 6 128 0 0
85 12 442 -4071 16 127 0 0
c 24
~R~UpperArm
i 3
4 4 22
w 32
1889 243 262 -3616 2 201 0 0
2288 228 306 -3375 4 201 0 0
2167 204 956 -3335 6 201 0 0
-113 -957 3296 -2231 16 200 0 0
c 24
~R~ForeArm
i 3
4 3 23
w 24
1215 -887 -3391 1734 2 270 0 0
1494 -605 -3449 1509 6 270 0 0
1072 558 -312 3901 16 269 0 0
c 24
~R~Hand
i 3
4 2 24
w 16
-2925 -374 1945 -2072 2 286 0 0
1898 1694 -1572 2798 16 286 0 0
c 24
~L~UpperArm
i 3
4 2 32
w 16
-1374 2067 -2389 2215 2 204 0 0
-1483 1800 -2955 1611 16 204 0 0
c 24
~L~ForeArm
i 3
4 5 33
w 40
171 -2138 -1164 -3289 0 253 0 0
650 -1992 -1761 -3046 2 254 0 0
830 -1485 -1068 -3569 6 252 0 0
584 -1651 -472 -3672 8 254 0 0
2161 -403 131 -3453 16 252 0 0
c 24
~L~Hand
i 3
4 3 34
w 24
-1197 -131 -3001 2513 2 292 0 0
-2014 -490 -1348 3265 6 292 0 0
2610 1816 2080 -1528 16 291 0 0
c 24
~L~Thigh
i 3
4 4 41
w 32
3116 2643 274 -66 2 39 1 83
3116 2643 274 -66 6 16 -18 82
3116 2643 274 -66 8 12 -12 81
3116 2643 274 -66 14 45 10 79
c 24
~L~Calf
i 3
4 2 42
w 16
296 282 -3328 2351 2 418 0 0
347 331 -3681 1729 16 418 0 0
c 24
~L~Foot
i 3
4 2 43
w 16
-41 -179 385 4073 2 510 0 0
74 272 -1115 -3931 16 509 0 0
c 24
~R~Thigh
i 3
4 3 51
w 24
773 -2103 2429 -2418 2 52 0 -91
773 -2103 2429 -2418 6 51 0 -90
1446 -3712 421 -850 16 51 2 -90
c 24
~R~Calf
i 3
4 3 52
w 24
-381 -142 1594 -3750 2 419 0 0
-381 -174 1607 -3744 6 418 0 0
-375 -219 1728 -3688 16 420 0 0
c 24
~R~Foot
i 3
4 3 53
w 24
-200 291 -333 4067 2 511 0 0
-200 291 -333 4067 6 510 0 0
-478 -774 -38 -3993 16 509 0 0
c 24
~R~Toe0
i 3
4 3 54
w 24
-451 142 -2075 -3499 2 118 150 0
-451 142 -2075 -3499 6 118 150 0
-452 234 -2037 -3516 16 118 151 0
//
//Animation INSTANT_TRNSM Start Here
c 24
INSTANT_TRNSM
i 3
5 100 1
c 24
~Spine1
i 3
3 2 3
w 10
0 0 0 4096 0
0 0 641 4045 40
c 24
~Neck
i 3
3 2 4
w 10
0 -1 418 4074 0
1 16 418 4074 40
c 24
~Head
i 3
3 2 5
w 10
0 1 -418 4074 0
0 1 400 4076 40
c 24
~R~UpperArm
i 3
3 2 22
w 10
1000 2225 1087 -3104 0
308 1715 2706 -2532 40
c 24
~R~ForeArm
i 3
3 2 23
w 10
-126 -35 -36 -4093 0
-1101 692 3455 -1773 40
//
//
//Animation INSTANT_TRNSM_OFF Start Here
c 24
INSTANT_TRNSM_OFF
i 3
5 150 1
c 24
~Spine1
i 3
3 3 3
w 15
0 0 -641 -4045 0
0 0 -641 -4045 10
0 0 0 -4095 50
c 24
~Neck
i 3
3 3 4
w 15
-1 -9 -418 -4074 0
-1 -9 -418 -4074 10
0 0 -418 -4074 50
c 24
~Head
i 3
3 3 5
w 15
0 0 -400 -4076 0
0 0 -400 -4076 10
0 0 418 -4074 50
c 24
~R~UpperArm
i 3
3 3 22
w 15
308 1715 2706 -2532 0
308 1715 2706 -2532 10
1000 2225 1087 -3104 50
c 24
~R~ForeArm
i 3
3 3 23
w 15
-1101 692 3455 -1773 0
-1101 692 3455 -1773 10
-126 -35 -36 -4093 50
//
//
//Animation FLY_DASH2 Start Here
c 24
FLY_DASH2
i 3
32 1024 1
c 24
Root
i 3
4 2 0
w 16
-2155 2088 1911 2029 0 0 0 7
-2155 2088 1911 2029 80 0 0 7
c 24
~Pelvis
i 3
4 2 1
w 16
2242 1905 1840 -2175 0 0 21 3
2242 1905 1840 -2175 80 0 21 3
c 24
~Spine
i 3
4 2 2
w 16
-72 -10 482 -4066 0 -6 -51 4
-72 -10 482 -4066 80 -6 -51 4
c 24
~Spine1
i 3
4 2 3
w 16
173 -50 25 -4091 0 278 0 0
173 -50 25 -4091 80 278 0 0
c 24
~Neck
i 3
4 2 4
w 16
0 0 71 -4095 0 278 0 0
0 0 71 -4095 80 278 0 0
c 24
~Head
i 3
4 2 5
w 16
-145 -107 2795 -2987 0 167 0 0
-145 -107 2795 -2987 80 167 0 0
c 24
L~Brow
i 3
4 2 6
w 16
185 -263 2364 3329 0 86 -16 24
185 -263 2364 3329 80 86 -16 24
c 24
R~Brow
i 3
4 2 7
w 16
-145 202 2367 3333 0 86 -16 -20
-145 202 2367 3333 80 86 -16 -20
c 24
Jaw
i 3
4 2 8
w 16
-1 0 3371 2326 0 12 17 0
-1 0 3371 2326 80 12 17 0
c 24
Bip01~R~Clavicle
i 3
4 2 21
w 16
-2519 294 3200 -318 0 0 0 -32
-2519 294 3200 -318 80 0 0 -32
c 24
~R~UpperArm
i 3
4 2 22
w 16
141 -1478 -372 3798 0 178 0 0
141 -1478 -372 3798 80 178 0 0
c 24
~R~ForeArm
i 3
4 2 23
w 16
608 -673 -71 3993 0 302 0 0
608 -673 -71 3993 80 302 0 0
c 24
~R~Hand
i 3
4 2 24
w 16
-3161 -124 -298 -2584 0 292 0 0
-3161 -124 -298 -2584 80 292 0 0
c 24
~R~Finger
i 3
4 2 25
w 16
-35 207 -51 -4090 0 90 0 0
-35 207 -51 -4090 80 90 0 0
c 24
R~Finger01
i 3
4 2 26
w 16
-52 254 -229 -4081 0 32 0 0
-52 254 -229 -4081 80 32 0 0
c 24
Bip01~L~Clavicle
i 3
4 2 31
w 16
2519 -294 3200 -318 0 0 0 32
2519 -294 3200 -318 80 0 0 32
c 24
~L~UpperArm
i 3
4 2 32
w 16
-271 -1331 260 -3855 0 178 0 0
-271 -1331 260 -3855 80 178 0 0
c 24
~L~ForeArm
i 3
4 2 33
w 16
1057 -739 19 -3887 0 286 0 0
1057 -739 19 -3887 80 286 0 0
c 24
~L~Hand
i 3
4 2 34
w 16
3203 143 -214 -2539 0 292 0 0
3203 143 -214 -2539 80 292 0 0
c 24
~L~Finger
i 3
4 2 35
w 16
-163 236 237 4079 0 90 0 0
-163 236 237 4079 80 90 0 0
c 24
L~Finger01
i 3
4 2 36
w 16
-370 -57 266 4070 0 32 0 0
-370 -57 266 4070 80 32 0 0
c 24
~L~Thigh
i 3
4 2 41
w 16
458 4035 226 -480 0 0 0 104
458 4035 226 -480 80 0 0 104
c 24
~L~Calf
i 3
4 2 42
w 16
-166 -39 706 -4031 0 466 0 0
-166 -39 706 -4031 80 466 0 0
c 24
~L~Foot
i 3
4 2 43
w 16
90 53 144 -4092 0 421 0 0
90 53 144 -4092 80 421 0 0
c 24
~L~Toe0
i 3
4 2 44
w 16
-195 55 -2037 -3547 0 120 114 0
-195 55 -2037 -3547 80 120 114 0
c 24
~R~Thigh
i 3
4 2 51
w 16
662 4008 -95 514 0 0 0 -104
662 4008 -95 514 80 0 0 -104
c 24
~R~Calf
i 3
4 2 52
w 16
-122 -33 -768 4021 0 468 0 0
-122 -33 -768 4021 80 468 0 0
c 24
~R~Foot
i 3
4 2 53
w 16
-282 -167 177 -4078 0 421 0 0
-282 -167 177 -4078 80 421 0 0
c 24
~R~Toe0
i 3
4 2 54
w 16
-234 -53 2079 3520 0 118 116 0
-234 -53 2079 3520 80 118 116 0
c 24
Belly
i 3
4 2 201
w 16
0 0 -2848 -2943 0 178 -71 0
0 0 -2848 -2943 80 178 -71 0
c 24
R~breast
i 3
4 2 301
w 16
210 92 -2746 -3030 0 142 -70 -101
210 92 -2746 -3030 80 142 -70 -101
c 24
L~breast
i 3
4 2 302
w 16
-452 -299 -2644 -3080 0 140 -70 103
-452 -299 -2644 -3080 80 140 -70 103
//
//
//Animation FLY_STOP Start Here
c 24
FLY_STOP
i 3
32 1536 1
c 24
Root
i 3
4 3 0
w 24
-143 177 2825 2956 0 0 0 7
-143 177 2825 2956 40 0 0 7
-143 177 2825 2956 80 0 0 7
c 24
~Pelvis
i 3
4 3 1
w 24
-2242 -1905 -1840 2175 0 0 21 3
-2242 -1905 -1840 2175 40 0 21 3
-2242 -1905 -1840 2175 80 0 21 3
c 24
~Spine
i 3
4 3 2
w 24
75 3 -228 4088 0 -5 -50 4
75 3 -228 4088 40 -5 -50 4
75 3 -228 4088 80 -5 -50 4
c 24
~Spine1
i 3
4 3 3
w 24
-178 22 597 4048 0 278 0 0
-175 39 206 4086 40 278 0 0
-178 22 597 4048 80 278 0 0
c 24
~Neck
i 3
4 3 4
w 24
0 0 -71 4095 0 277 0 0
0 0 -71 4095 40 278 0 0
0 0 -71 4095 80 277 0 0
c 24
~Head
i 3
4 3 5
w 24
189 3 -584 4049 0 152 6 0
190 -15 -193 4086 40 150 3 0
189 3 -584 4049 80 152 6 0
c 24
L~Brow
i 3
4 3 6
w 24
185 -263 2364 3329 0 86 -15 24
185 -263 2364 3329 40 86 -16 24
185 -263 2364 3329 80 86 -16 24
c 24
R~Brow
i 3
4 3 7
w 24
-145 202 2367 3333 0 85 -15 -19
-145 202 2367 3333 40 85 -15 -20
-145 202 2367 3333 80 85 -15 -20
c 24
Jaw
i 3
4 3 8
w 24
-1 0 3371 2326 0 12 17 0
-1 0 3371 2326 40 11 17 0
0 0 3371 2326 80 12 17 0
c 24
Bip01~R~Clavicle
i 3
4 3 21
w 24
2519 -294 -3200 318 0 0 0 -31
2519 -294 -3200 318 40 0 0 -32
2519 -294 -3200 318 80 0 0 -32
c 24
~R~UpperArm
i 3
4 3 22
w 24
-1647 1111 -839 -3481 0 178 0 0
-1647 1111 -839 -3481 40 178 0 0
-1647 1111 -839 -3481 80 178 0 0
c 24
~R~ForeArm
i 3
4 3 23
w 24
2 2481 1888 -2656 0 302 0 0
2 2481 1888 -2656 40 302 0 0
2 2481 1888 -2656 80 302 0 0
c 24
~R~Hand
i 3
4 3 24
w 24
3247 -496 37 2445 0 292 0 0
2952 -976 1143 2407 40 291 0 0
3247 -496 37 2445 80 292 0 0
c 24
~R~Finger
i 3
4 3 25
w 24
-773 546 3311 2217 0 89 0 0
-773 546 3311 2217 40 89 0 0
-773 546 3311 2217 80 90 0 0
c 24
R~Finger01
i 3
4 3 26
w 24
-716 1500 -2542 -2747 0 32 0 0
-716 1500 -2542 -2747 40 31 0 0
-716 1500 -2542 -2747 80 32 0 0
c 24
Bip01~L~Clavicle
i 3
4 3 31
w 24
-2519 294 -3200 318 0 0 0 31
-2519 294 -3200 318 40 0 0 31
-2519 294 -3200 318 80 0 0 31
c 24
~L~UpperArm
i 3
4 3 32
w 24
761 -1368 -991 -3652 0 177 0 0
761 -1368 -991 -3652 40 177 0 0
761 -1368 -991 -3652 80 177 0 0
c 24
~L~ForeArm
i 3
4 3 33
w 24
77 -1034 2320 -3212 0 286 0 0
400 -1182 2613 -2896 40 286 0 0
77 -1034 2320 -3212 80 285 0 0
c 24
~L~Hand
i 3
4 3 34
w 24
2854 -1026 75 -2751 0 292 0 0
2571 -1623 -445 -2707 40 291 0 0
2854 -1026 75 -2751 80 292 0 0
c 24
~L~Finger
i 3
4 3 35
w 24
-1530 103 3575 1281 0 90 0 0
-1530 103 3575 1281 40 90 0 0
-1530 103 3575 1281 80 90 0 0
c 24
L~Finger01
i 3
4 3 36
w 24
1153 843 -2261 -3101 0 32 0 0
1153 843 -2261 -3101 40 32 0 0
1153 843 -2261 -3101 80 32 0 0
c 24
~L~Thigh
i 3
4 3 41
w 24
-944 -3948 -274 469 0 0 0 104
-1167 -3887 -295 463 40 0 0 104
-944 -3948 -274 469 80 0 0 104
c 24
~L~Calf
i 3
4 3 42
w 24
428 85 -1839 3633 0 466 0 0
474 93 -2037 3520 40 465 0 0
428 85 -1839 3633 80 466 0 0
c 24
~L~Foot
i 3
4 3 43
w 24
-90 -53 -144 4092 0 421 0 0
-90 -53 -144 4092 40 421 0 0
-90 -53 -144 4092 80 421 0 0
c 24
~L~Toe0
i 3
4 3 44
w 24
51 -13 2590 3172 0 120 114 0
51 -13 2590 3172 40 120 114 0
51 -13 2590 3172 80 120 114 0
c 24
~R~Thigh
i 3
4 3 51
w 24
-2328 -3337 457 100 0 0 0 -104
-2119 -3474 453 64 40 0 0 -104
-2328 -3337 457 100 80 0 0 -104
c 24
~R~Calf
i 3
4 3 52
w 24
-650 -191 -3594 1843 0 467 0 0
-669 -176 -3475 2054 40 467 0 0
-650 -191 -3594 1843 80 468 0 0
c 24
~R~Foot
i 3
4 3 53
w 24
281 166 -182 4078 0 420 0 0
281 166 -182 4078 40 420 0 0
281 166 -182 4078 80 420 0 0
c 24
~R~Toe0
i 3
4 3 54
w 24
-69 12 2748 3036 0 118 116 0
-69 12 2748 3036 40 118 116 0
-69 12 2748 3036 80 118 116 0
c 24
Belly
i 3
4 3 201
w 24
0 0 2848 2943 0 178 -70 0
0 0 2848 2943 40 178 -70 0
0 0 2848 2943 80 178 -70 0
c 24
R~breast
i 3
4 3 301
w 24
-210 -92 2746 3030 0 142 -69 -101
-210 -92 2746 3030 40 142 -69 -101
-210 -92 2746 3030 80 142 -69 -101
c 24
L~breast
i 3
4 3 302
w 24
452 299 2644 3080 0 140 -69 103
452 299 2644 3080 40 140 -70 103
452 299 2644 3080 80 140 -69 103

